---
build/assets/images/i-d-1-794c1b6b.jpg: 2016-09-05 14:50:28.000000000 +02:00
build/assets/images/i-d-2-8f469273.jpg: 2016-09-05 14:50:28.000000000 +02:00
build/assets/images/i-m-1-3429486f.jpg: 2016-09-05 14:50:28.000000000 +02:00
build/assets/images/i-r-1-65df0cbd.jpg: 2016-09-05 14:50:28.000000000 +02:00
build/assets/images/i-r-2-b88c97c1.jpg: 2016-09-05 14:50:28.000000000 +02:00
